0 0.23076923076923078 0.2091346153846154 0.2956730769230769 0.4110576923076923
0 0.8016826923076923 0.3137019230769231 0.18509615384615385 0.2548076923076923
0 0.6754807692307693 0.29927884615384615 0.21875 0.3004807692307692
2 0.5492788461538461 0.038461538461538464 0.08413461538461539 0.07692307692307693
0 0.4699519230769231 0.3918269230769231 0.25240384615384615 0.3245192307692308
3 0.7548076923076923 0.6021634615384616 0.20673076923076922 0.40625
3 0.6298076923076923 0.609375 0.23317307692307693 0.39663461538461536
3 0.1814903846153846 0.6502403846153846 0.3629807692307692 0.5697115384615384
3 0.4182692307692308 0.7475961538461539 0.28846153846153844 0.47836538461538464
3 0.8137019230769231 0.13581730769230768 0.09615384615384616 0.15384615384615385
3 0.5276442307692307 0.16706730769230768 0.11538461538461539 0.22355769230769232
3 0.8918269230769231 0.23918269230769232 0.17067307692307693 0.31971153846153844