0 0.25240384615384615 0.20192307692307693 0.32211538461538464 0.40384615384615385
0 0.8137019230769231 0.33533653846153844 0.19951923076923078 0.2620192307692308
0 0.6887019230769231 0.3112980769230769 0.23557692307692307 0.3076923076923077
2 0.5817307692307693 0.040865384615384616 0.08653846153846154 0.08173076923076923
0 0.47716346153846156 0.3894230769230769 0.2692307692307692 0.33413461538461536
3 0.7475961538461539 0.6201923076923077 0.23076923076923078 0.4110576923076923
3 0.6213942307692307 0.6177884615384616 0.25721153846153844 0.40384615384615385
3 0.18509615384615385 0.6286057692307693 0.3701923076923077 0.5841346153846154
3 0.4014423076923077 0.7415865384615384 0.31490384615384615 0.4855769230769231
3 0.8377403846153846 0.15865384615384615 0.10576923076923077 0.15625
3 0.5504807692307693 0.16947115384615385 0.12980769230769232 0.22596153846153846
3 0.9050480769230769 0.2692307692307692 0.18509615384615385 0.3269230769230769