0 0.7415865384615384 0.29086538461538464 0.057692307692307696 0.09134615384615384
0 0.3918269230769231 0.38461538461538464 0.07211538461538461 0.10576923076923077
0 0.09735576923076923 0.46153846153846156 0.06490384615384616 0.0985576923076923
0 0.7848557692307693 0.29086538461538464 0.07692307692307693 0.10817307692307693
0 0.20552884615384615 0.43990384615384615 0.0673076923076923 0.09134615384615384
0 0.6971153846153846 0.33052884615384615 0.0625 0.07692307692307693
0 0.4987980769230769 0.3870192307692308 0.0673076923076923 0.09615384615384616
0 0.6177884615384616 0.359375 0.06490384615384616 0.09615384615384616
1 0.23677884615384615 0.5336538461538461 0.12740384615384615 0.14903846153846154
1 0.3954326923076923 0.4987980769230769 0.16105769230769232 0.1875
3 0.12740384615384615 0.5757211538461539 0.15144230769230768 0.17067307692307693
1 0.7139423076923077 0.4338942307692308 0.10576923076923077 0.16105769230769232
1 0.8209134615384616 0.41947115384615385 0.1658653846153846 0.20432692307692307
1 0.5288461538461539 0.49158653846153844 0.13942307692307693 0.1778846153846154
3 0.6454326923076923 0.47596153846153844 0.1466346153846154 0.18990384615384615