0 0.7944711538461539 0.3762019230769231 0.04326923076923077 0.08653846153846154
0 0.4326923076923077 0.35697115384615385 0.057692307692307696 0.0985576923076923
0 0.12980769230769232 0.3389423076923077 0.05048076923076923 0.09375
0 0.8353365384615384 0.3894230769230769 0.0625 0.10096153846153846
0 0.23798076923076922 0.35096153846153844 0.055288461538461536 0.08413461538461539
0 0.7391826923076923 0.40024038461538464 0.052884615384615384 0.07211538461538461
0 0.5336538461538461 0.39302884615384615 0.052884615384615384 0.0889423076923077
0 0.6550480769230769 0.4026442307692308 0.05048076923076923 0.09134615384615384
1 0.23918269230769232 0.45072115384615385 0.10817307692307693 0.13701923076923078
1 0.4014423076923077 0.46634615384615385 0.13701923076923078 0.16826923076923078
3 0.12259615384615384 0.4567307692307692 0.12980769230769232 0.15384615384615385
1 0.7235576923076923 0.5036057692307693 0.08173076923076923 0.15144230769230768
1 0.8293269230769231 0.5216346153846154 0.13942307692307693 0.18509615384615385
1 0.5300480769230769 0.5012019230769231 0.11298076923076923 0.1658653846153846
3 0.6454326923076923 0.5216346153846154 0.1201923076923077 0.17548076923076922