0 0.7872596153846154 0.3605769230769231 0.040865384615384616 0.08413461538461539
0 0.4254807692307692 0.3605769230769231 0.052884615384615384 0.09615384615384616
0 0.12139423076923077 0.3581730769230769 0.04567307692307692 0.09134615384615384
0 0.8293269230769231 0.37259615384615385 0.057692307692307696 0.0985576923076923
0 0.23076923076923078 0.36538461538461536 0.052884615384615384 0.08173076923076923
0 0.734375 0.3870192307692308 0.04807692307692308 0.06971153846153846
0 0.5288461538461539 0.390625 0.04807692307692308 0.08653846153846154
0 0.6502403846153846 0.3942307692307692 0.04567307692307692 0.0889423076923077
1 0.23677884615384615 0.4639423076923077 0.10096153846153846 0.13221153846153846
1 0.39903846153846156 0.4723557692307692 0.12740384615384615 0.16346153846153846
3 0.1201923076923077 0.47596153846153844 0.12259615384615384 0.14903846153846154
1 0.7235576923076923 0.49158653846153844 0.07451923076923077 0.14903846153846154
1 0.8305288461538461 0.5048076923076923 0.12980769230769232 0.18028846153846154
1 0.5300480769230769 0.4987980769230769 0.10576923076923077 0.16105769230769232
3 0.6466346153846154 0.5144230769230769 0.11057692307692307 0.17067307692307693