0 0.18629807692307693 0.2668269230769231 0.09134615384615384 0.12740384615384615
0 0.8942307692307693 0.4230769230769231 0.08173076923076923 0.125
0 0.35216346153846156 0.3293269230769231 0.038461538461538464 0.06490384615384616
0 0.5913461538461539 0.37259615384615385 0.040865384615384616 0.07692307692307693
0 0.4170673076923077 0.3473557692307692 0.03125 0.06490384615384616
0 0.49399038461538464 0.3629807692307692 0.04567307692307692 0.07692307692307693
0 0.4423076923076923 0.3605769230769231 0.04326923076923077 0.07692307692307693
0 0.390625 0.35216346153846156 0.040865384615384616 0.0625
0 0.6935096153846154 0.41225961538461536 0.0625 0.09134615384615384
0 0.5552884615384616 0.3894230769230769 0.05048076923076923 0.07451923076923077
0 0.6201923076923077 0.4098557692307692 0.057692307692307696 0.0889423076923077
0 0.7692307692307693 0.4543269230769231 0.06971153846153846 0.09615384615384616
3 0.3329326923076923 0.41466346153846156 0.08173076923076923 0.13701923076923078
3 0.3701923076923077 0.43990384615384615 0.08413461538461539 0.12740384615384615
3 0.4795673076923077 0.4639423076923077 0.10336538461538461 0.13942307692307693
3 0.4206730769230769 0.4579326923076923 0.09375 0.13942307692307693
3 0.15264423076923078 0.41225961538461536 0.15625 0.20432692307692307
3 0.5396634615384616 0.49759615384615385 0.09615384615384616 0.17307692307692307
3 0.6009615384615384 0.5300480769230769 0.11538461538461539 0.18028846153846154
3 0.6754807692307693 0.5432692307692307 0.11298076923076923 0.19471153846153846
3 0.8689903846153846 0.5973557692307693 0.15384615384615385 0.2692307692307692
3 0.7403846153846154 0.5901442307692307 0.12980769230769232 0.20673076923076922