0 0.1778846153846154 0.2776442307692308 0.08653846153846154 0.12740384615384615
0 0.8918269230769231 0.4098557692307692 0.07692307692307693 0.12259615384615384
0 0.34615384615384615 0.33533653846153844 0.036057692307692304 0.0625
0 0.5865384615384616 0.36899038461538464 0.038461538461538464 0.07692307692307693
0 0.41225961538461536 0.35096153846153844 0.028846153846153848 0.06490384615384616
0 0.4891826923076923 0.3641826923076923 0.04326923076923077 0.07692307692307693
0 0.4375 0.3629807692307692 0.040865384615384616 0.07692307692307693
0 0.3858173076923077 0.35697115384615385 0.040865384615384616 0.0625
0 0.6899038461538461 0.4050480769230769 0.06009615384615385 0.09134615384615384
0 0.5504807692307693 0.3870192307692308 0.04807692307692308 0.07451923076923077
0 0.6165865384615384 0.40625 0.055288461538461536 0.0889423076923077
0 0.7668269230769231 0.44591346153846156 0.06490384615384616 0.09615384615384616
3 0.33052884615384615 0.4206730769230769 0.07692307692307693 0.1346153846153846
3 0.36778846153846156 0.44471153846153844 0.07932692307692307 0.125
3 0.47836538461538464 0.4639423076923077 0.10096153846153846 0.13701923076923078
3 0.41947115384615385 0.46033653846153844 0.09134615384615384 0.13701923076923078
3 0.1502403846153846 0.42427884615384615 0.14903846153846154 0.20192307692307693
3 0.5396634615384616 0.4963942307692308 0.09134615384615384 0.17307692307692307
3 0.6021634615384616 0.5264423076923077 0.11057692307692307 0.1778846153846154
3 0.6766826923076923 0.5372596153846154 0.10576923076923077 0.19230769230769232
3 0.8713942307692307 0.5853365384615384 0.14423076923076922 0.2668269230769231
3 0.7439903846153846 0.5817307692307693 0.12259615384615384 0.20432692307692307