0 0.5024038461538461 0.4362980769230769 0.055288461538461536 0.09615384615384616
0 0.5925480769230769 0.5 0.036057692307692304 0.06009615384615385
0 0.6550480769230769 0.5072115384615384 0.028846153846153848 0.055288461538461536
0 0.703125 0.5276442307692307 0.026442307692307692 0.04567307692307692
0 0.7403846153846154 0.5432692307692307 0.02403846153846154 0.040865384615384616
0 0.7680288461538461 0.5456730769230769 0.019230769230769232 0.03365384615384615
0 0.7860576923076923 0.5564903846153846 0.019230769230769232 0.036057692307692304
1 0.7896634615384616 0.5889423076923077 0.03125 0.04807692307692308
1 0.7439903846153846 0.5865384615384616 0.04807692307692308 0.07211538461538461
1 0.703125 0.5841346153846154 0.055288461538461536 0.09134615384615384
1 0.4879807692307692 0.5649038461538461 0.14182692307692307 0.18509615384615385
1 0.6502403846153846 0.5793269230769231 0.06971153846153846 0.10817307692307693
1 0.5841346153846154 0.5805288461538461 0.07451923076923077 0.11057692307692307