2 0.484375 0.31850961538461536 0.0889423076923077 0.1346153846153846
3 0.5793269230769231 0.42908653846153844 0.14423076923076922 0.27163461538461536
3 0.21634615384615385 0.5072115384615384 0.23076923076923078 0.3076923076923077
3 0.36899038461538464 0.4855769230769231 0.24759615384615385 0.3125
3 0.5216346153846154 0.4807692307692308 0.17548076923076922 0.24759615384615385
3 0.6838942307692307 0.44591346153846156 0.21153846153846154 0.31490384615384615
3 0.13341346153846154 0.6574519230769231 0.2668269230769231 0.5120192307692307
0 0.051682692307692304 0.328125 0.10336538461538461 0.2860576923076923
0 0.17067307692307693 0.30408653846153844 0.10817307692307693 0.1778846153846154
0 0.34975961538461536 0.27884615384615385 0.10576923076923077 0.18509615384615385
0 0.6334134615384616 0.21875 0.14182692307692307 0.1971153846153846
0 0.5180288461538461 0.24759615384615385 0.07932692307692307 0.12740384615384615