2 0.4879807692307692 0.31850961538461536 0.08653846153846154 0.1346153846153846
3 0.5805288461538461 0.43028846153846156 0.13942307692307693 0.2692307692307692
3 0.21634615384615385 0.5024038461538461 0.22596153846153846 0.30528846153846156
3 0.36899038461538464 0.4831730769230769 0.24519230769230768 0.31009615384615385
3 0.5216346153846154 0.4807692307692308 0.17067307692307693 0.24759615384615385
3 0.6850961538461539 0.4495192307692308 0.20673076923076922 0.3125
3 0.1310096153846154 0.6526442307692307 0.2620192307692308 0.5120192307692307
0 0.052884615384615384 0.32091346153846156 0.10576923076923077 0.2860576923076923
0 0.17427884615384615 0.29927884615384615 0.10576923076923077 0.17548076923076922
0 0.35336538461538464 0.2764423076923077 0.10336538461538461 0.18509615384615385
0 0.6382211538461539 0.22115384615384615 0.13942307692307693 0.19471153846153846
0 0.5216346153846154 0.24879807692307693 0.07932692307692307 0.12740384615384615