2 0.49399038461538464 0.31850961538461536 0.08413461538461539 0.13221153846153846
3 0.5829326923076923 0.4326923076923077 0.13221153846153846 0.2692307692307692
3 0.21634615384615385 0.49278846153846156 0.21875 0.30288461538461536
3 0.3701923076923077 0.4795673076923077 0.23557692307692307 0.30528846153846156
3 0.5228365384615384 0.48197115384615385 0.1658653846153846 0.24278846153846154
3 0.6862980769230769 0.45552884615384615 0.1971153846153846 0.31009615384615385
3 0.125 0.6382211538461539 0.25 0.5072115384615384
0 0.054086538461538464 0.30288461538461536 0.10817307692307693 0.28365384615384615
0 0.1814903846153846 0.28725961538461536 0.10096153846153846 0.17548076923076922
0 0.36177884615384615 0.27163461538461536 0.0985576923076923 0.18269230769230768
0 0.6478365384615384 0.22596153846153846 0.1346153846153846 0.19230769230769232
0 0.53125 0.24879807692307693 0.07451923076923077 0.12740384615384615