0 0.484375 0.4387019230769231 0.06490384615384616 0.0985576923076923
0 0.5889423076923077 0.4735576923076923 0.040865384615384616 0.06009615384615385
0 0.6514423076923077 0.4639423076923077 0.036057692307692304 0.057692307692307696
0 0.7019230769230769 0.4699519230769231 0.03125 0.04567307692307692
0 0.7427884615384616 0.47475961538461536 0.026442307692307692 0.040865384615384616
0 0.7692307692307693 0.4699519230769231 0.021634615384615384 0.03365384615384615
0 0.7908653846153846 0.47596153846153844 0.02403846153846154 0.036057692307692304
1 0.8040865384615384 0.5060096153846154 0.036057692307692304 0.05048076923076923
1 0.7572115384615384 0.515625 0.055288461538461536 0.07451923076923077
1 0.7175480769230769 0.5252403846153846 0.0625 0.09615384615384616
1 0.5072115384615384 0.5661057692307693 0.15865384615384615 0.1971153846153846
1 0.6658653846153846 0.5348557692307693 0.07932692307692307 0.11057692307692307
1 0.6033653846153846 0.5540865384615384 0.08413461538461539 0.11538461538461539