0 0.125 0.38822115384615385 0.09134615384615384 0.12740384615384615
0 0.84375 0.2932692307692308 0.08173076923076923 0.125
0 0.30288461538461536 0.390625 0.038461538461538464 0.06490384615384616
0 0.5420673076923077 0.3485576923076923 0.040865384615384616 0.07692307692307693
0 0.3701923076923077 0.38461538461538464 0.03125 0.06490384615384616
0 0.44711538461538464 0.3737980769230769 0.04567307692307692 0.07692307692307693
0 0.39903846153846156 0.38822115384615385 0.04326923076923077 0.07692307692307693
0 0.34615384615384615 0.39903846153846156 0.040865384615384616 0.0625
0 0.6514423076923077 0.35096153846153844 0.0625 0.09134615384615384
0 0.5132211538461539 0.3762019230769231 0.05048076923076923 0.07451923076923077
0 0.5817307692307693 0.375 0.057692307692307696 0.0889423076923077
0 0.7379807692307693 0.36538461538461536 0.06971153846153846 0.09615384615384616
3 0.3137019230769231 0.47716346153846156 0.08173076923076923 0.13701923076923078
3 0.3581730769230769 0.4879807692307692 0.08413461538461539 0.12740384615384615
3 0.46875 0.4723557692307692 0.10336538461538461 0.13942307692307693
3 0.4110576923076923 0.4879807692307692 0.09375 0.13942307692307693
3 0.14423076923076922 0.5360576923076923 0.15625 0.20432692307692307
3 0.5360576923076923 0.484375 0.09615384615384616 0.17307692307692307
3 0.6045673076923077 0.49399038461538464 0.11538461538461539 0.18028846153846154
3 0.6790865384615384 0.4807692307692308 0.11298076923076923 0.19471153846153846
3 0.8798076923076923 0.46634615384615385 0.15384615384615385 0.2692307692307692
3 0.7572115384615384 0.5024038461538461 0.12980769230769232 0.20673076923076922