0 0.49158653846153844 0.4362980769230769 0.055288461538461536 0.09375
0 0.5913461538461539 0.4855769230769231 0.03365384615384615 0.057692307692307696
0 0.6538461538461539 0.4831730769230769 0.028846153846153848 0.055288461538461536
0 0.7043269230769231 0.4951923076923077 0.026442307692307692 0.04567307692307692
0 0.7439903846153846 0.5048076923076923 0.02403846153846154 0.040865384615384616
0 0.7716346153846154 0.5024038461538461 0.016826923076923076 0.03125
0 0.7908653846153846 0.5108173076923077 0.019230769230769232 0.03365384615384615
1 0.8004807692307693 0.5432692307692307 0.03125 0.04807692307692308
1 0.7536057692307693 0.546875 0.04807692307692308 0.07211538461538461
1 0.7127403846153846 0.5516826923076923 0.052884615384615384 0.09134615384615384
1 0.4987980769230769 0.5661057692307693 0.13942307692307693 0.18509615384615385
1 0.6610576923076923 0.5552884615384616 0.0673076923076923 0.10576923076923077
1 0.5961538461538461 0.5673076923076923 0.07211538461538461 0.10817307692307693