0 0.5408653846153846 0.3701923076923077 0.06009615384615385 0.10576923076923077
0 0.2980769230769231 0.34975961538461536 0.12980769230769232 0.20192307692307693
0 0.6442307692307693 0.43028846153846156 0.10576923076923077 0.17307692307692307
0 0.4206730769230769 0.4362980769230769 0.10336538461538461 0.16346153846153846
0 0.9050480769230769 0.48197115384615385 0.08173076923076923 0.13701923076923078
0 0.7331730769230769 0.4723557692307692 0.08413461538461539 0.14182692307692307
3 0.5024038461538461 0.5216346153846154 0.12259615384615384 0.22596153846153846
3 0.23197115384615385 0.5817307692307693 0.2091346153846154 0.38461538461538464
3 0.7283653846153846 0.6394230769230769 0.1778846153846154 0.27403846153846156
3 0.6033653846153846 0.6322115384615384 0.18028846153846154 0.3245192307692308
3 0.8846153846153846 0.6862980769230769 0.1971153846153846 0.30528846153846156
3 0.4050480769230769 0.6586538461538461 0.19951923076923078 0.30528846153846156