0 0.5288461538461539 0.36658653846153844 0.05048076923076923 0.10096153846153846
0 0.2860576923076923 0.36778846153846156 0.11538461538461539 0.19230769230769232
0 0.6382211538461539 0.4182692307692308 0.09134615384615384 0.1658653846153846
0 0.41586538461538464 0.44350961538461536 0.0889423076923077 0.15865384615384615
0 0.9014423076923077 0.44711538461538464 0.07211538461538461 0.12980769230769232
0 0.7295673076923077 0.4519230769230769 0.07211538461538461 0.1346153846153846
3 0.5048076923076923 0.5216346153846154 0.10336538461538461 0.21875
3 0.2403846153846154 0.6045673076923077 0.1778846153846154 0.3701923076923077
3 0.7391826923076923 0.6189903846153846 0.15625 0.25961538461538464
3 0.6141826923076923 0.6225961538461539 0.15384615384615385 0.3125
3 0.8990384615384616 0.6526442307692307 0.17307692307692307 0.29086538461538464
3 0.41947115384615385 0.6658653846153846 0.17548076923076922 0.29086538461538464