0 0.5540865384615384 0.375 0.06971153846153846 0.10817307692307693
0 0.31490384615384615 0.3293269230769231 0.14903846153846154 0.21153846153846154
0 0.6514423076923077 0.44591346153846156 0.12259615384615384 0.18028846153846154
0 0.42788461538461536 0.42908653846153844 0.11778846153846154 0.17067307692307693
0 0.9038461538461539 0.5252403846153846 0.09375 0.14182692307692307
0 0.734375 0.4963942307692308 0.0985576923076923 0.1466346153846154
3 0.5 0.5216346153846154 0.14423076923076922 0.23557692307692307
3 0.2247596153846154 0.5528846153846154 0.24519230769230768 0.39903846153846156
3 0.7115384615384616 0.6622596153846154 0.20432692307692307 0.2860576923076923
3 0.5889423076923077 0.6418269230769231 0.2091346153846154 0.33653846153846156
3 0.8629807692307693 0.7259615384615384 0.22355769230769232 0.3173076923076923
3 0.3894230769230769 0.6478365384615384 0.2283653846153846 0.31971153846153844