0 0.4879807692307692 0.41225961538461536 0.10336538461538461 0.17307692307692307
0 0.6045673076923077 0.515625 0.20432692307692307 0.31490384615384615
3 0.13221153846153846 0.4987980769230769 0.2644230769230769 0.4206730769230769
3 0.45552884615384615 0.5588942307692307 0.17307692307692307 0.19951923076923078
3 0.9086538461538461 0.671875 0.1778846153846154 0.43990384615384615
3 0.2668269230769231 0.5612980769230769 0.36538461538461536 0.49278846153846156
3 0.7620192307692307 0.7379807692307693 0.3870192307692308 0.4831730769230769
0 0.7367788461538461 0.7788461538461539 0.18990384615384615 0.24519230769230768
3 0.6766826923076923 0.9278846153846154 0.46875 0.13942307692307693
0 0.9699519230769231 0.3581730769230769 0.055288461538461536 0.3125
0 0.36177884615384615 0.2692307692307692 0.1971153846153846 0.3076923076923077
0 0.2283653846153846 0.25721153846153844 0.13221153846153846 0.2091346153846154
0 0.9495192307692307 0.40384615384615385 0.09615384615384616 0.1875