0 0.49038461538461536 0.41225961538461536 0.10576923076923077 0.17307692307692307
0 0.6045673076923077 0.5180288461538461 0.2091346153846154 0.3173076923076923
3 0.13341346153846154 0.49278846153846156 0.2668269230769231 0.4230769230769231
3 0.4543269230769231 0.5588942307692307 0.1778846153846154 0.20192307692307693
3 0.9050480769230769 0.6778846153846154 0.18509615384615385 0.4423076923076923
3 0.265625 0.5576923076923077 0.3701923076923077 0.4951923076923077
3 0.7572115384615384 0.7427884615384616 0.3942307692307692 0.4855769230769231
0 0.7319711538461539 0.7824519230769231 0.19471153846153846 0.24759615384615385
3 0.6694711538461539 0.9278846153846154 0.46875 0.13942307692307693
0 0.96875 0.36778846153846156 0.057692307692307696 0.3125
0 0.36538461538461536 0.2668269230769231 0.20192307692307693 0.31009615384615385
0 0.23197115384615385 0.25240384615384615 0.1346153846153846 0.21153846153846154
0 0.9495192307692307 0.4110576923076923 0.09615384615384616 0.1875