0 0.46033653846153844 0.4206730769230769 0.10096153846153846 0.17067307692307693
0 0.6045673076923077 0.4807692307692308 0.19951923076923078 0.31490384615384615
3 0.14182692307692307 0.6262019230769231 0.28365384615384615 0.41586538461538464
3 0.47716346153846156 0.5709134615384616 0.17067307692307693 0.19951923076923078
3 0.9266826923076923 0.5276442307692307 0.14182692307692307 0.43990384615384615
3 0.29927884615384615 0.6334134615384616 0.3581730769230769 0.4879807692307692
3 0.8149038461538461 0.6394230769230769 0.36538461538461536 0.4807692307692308
0 0.8137019230769231 0.6862980769230769 0.1875 0.24278846153846154
3 0.7908653846153846 0.8834134615384616 0.41346153846153844 0.2091346153846154
0 0.9254807692307693 0.203125 0.10817307692307693 0.31009615384615385
0 0.2932692307692308 0.3269230769230769 0.19230769230769232 0.3076923076923077
0 0.16346153846153846 0.3581730769230769 0.12980769230769232 0.2091346153846154
0 0.9002403846153846 0.25841346153846156 0.10336538461538461 0.18269230769230768