0 0.8978365384615384 0.27163461538461536 0.057692307692307696 0.0985576923076923
0 0.12620192307692307 0.3858173076923077 0.0625 0.11778846153846154
0 0.35096153846153844 0.36658653846153844 0.05048076923076923 0.08413461538461539
0 0.43028846153846156 0.37259615384615385 0.040865384615384616 0.06971153846153846
0 0.7091346153846154 0.3485576923076923 0.05048076923076923 0.07451923076923077
0 0.5841346153846154 0.3641826923076923 0.038461538461538464 0.06490384615384616
0 0.23798076923076922 0.40024038461538464 0.057692307692307696 0.09134615384615384
3 0.9146634615384616 0.390625 0.14182692307692307 0.1658653846153846
3 0.4338942307692308 0.4495192307692308 0.09375 0.12980769230769232
3 0.7259615384615384 0.44350961538461536 0.14423076923076922 0.14423076923076922
3 0.5949519230769231 0.4567307692307692 0.10576923076923077 0.13701923076923078
3 0.34134615384615385 0.4795673076923077 0.09134615384615384 0.18509615384615385
3 0.24879807692307693 0.5120192307692307 0.11778846153846154 0.17548076923076922
3 0.1310096153846154 0.53125 0.14423076923076922 0.21394230769230768