0 0.9447115384615384 0.390625 0.0673076923076923 0.10336538461538461
0 0.171875 0.28725961538461536 0.07451923076923077 0.1201923076923077
0 0.39302884615384615 0.33052884615384615 0.057692307692307696 0.0889423076923077
0 0.4675480769230769 0.3581730769230769 0.04567307692307692 0.07211538461538461
0 0.7427884615384616 0.41225961538461536 0.055288461538461536 0.07932692307692307
0 0.6189903846153846 0.39302884615384615 0.04567307692307692 0.0673076923076923
0 0.27524038461538464 0.3317307692307692 0.06490384615384616 0.09375
3 0.9242788461538461 0.5084134615384616 0.1466346153846154 0.18028846153846154
3 0.45072115384615385 0.4326923076923077 0.10576923076923077 0.13701923076923078
3 0.7319711538461539 0.5084134615384616 0.15625 0.15625
3 0.6033653846153846 0.484375 0.11778846153846154 0.1466346153846154
3 0.35336538461538464 0.4375 0.10817307692307693 0.18990384615384615
3 0.2548076923076923 0.4423076923076923 0.13221153846153846 0.18269230769230768
3 0.13701923076923078 0.42788461538461536 0.16346153846153846 0.22355769230769232