0 0.9411057692307693 0.375 0.0625 0.10096153846153846
0 0.16466346153846154 0.2980769230769231 0.06971153846153846 0.1201923076923077
0 0.3870192307692308 0.33533653846153844 0.055288461538461536 0.08653846153846154
0 0.46274038461538464 0.359375 0.04567307692307692 0.06971153846153846
0 0.7391826923076923 0.40384615384615385 0.052884615384615384 0.07692307692307693
0 0.6153846153846154 0.3894230769230769 0.04326923076923077 0.06490384615384616
0 0.2704326923076923 0.3389423076923077 0.0625 0.09375
3 0.9254807692307693 0.4951923076923077 0.14423076923076922 0.1778846153846154
3 0.4483173076923077 0.43509615384615385 0.10096153846153846 0.1346153846153846
3 0.7319711538461539 0.5 0.15144230769230768 0.15144230769230768
3 0.6033653846153846 0.4807692307692308 0.11298076923076923 0.14423076923076922
3 0.35096153846153844 0.4423076923076923 0.10336538461538461 0.18990384615384615
3 0.2536057692307692 0.45072115384615385 0.12740384615384615 0.18028846153846154
3 0.1346153846153846 0.4411057692307692 0.15865384615384615 0.22115384615384615