0 0.29927884615384615 0.390625 0.052884615384615384 0.07451923076923077
0 0.8365384615384616 0.3389423076923077 0.07932692307692307 0.1201923076923077
0 0.7103365384615384 0.35336538461538464 0.055288461538461536 0.0889423076923077
0 0.06850961538461539 0.4230769230769231 0.04807692307692308 0.08653846153846154
0 0.47836538461538464 0.38341346153846156 0.036057692307692304 0.06490384615384616
0 0.20432692307692307 0.41346153846153844 0.04807692307692308 0.07451923076923077
0 0.5649038461538461 0.38822115384615385 0.052884615384615384 0.08173076923076923
0 0.4387019230769231 0.4026442307692308 0.04567307692307692 0.07451923076923077
3 0.49158653846153844 0.45913461538461536 0.057692307692307696 0.10336538461538461
3 0.3161057692307692 0.4951923076923077 0.11298076923076923 0.15625
3 0.21514423076923078 0.5084134615384616 0.10817307692307693 0.14423076923076922
3 0.08413461538461539 0.5288461538461539 0.10817307692307693 0.15865384615384615
3 0.5793269230769231 0.4963942307692308 0.10817307692307693 0.15865384615384615
3 0.7199519230769231 0.48677884615384615 0.12259615384615384 0.1971153846153846
3 0.453125 0.5252403846153846 0.11057692307692307 0.2091346153846154
3 0.8605769230769231 0.4831730769230769 0.15144230769230768 0.21634615384615385