0 0.3425480769230769 0.33413461538461536 0.06009615384615385 0.07932692307692307
0 0.8689903846153846 0.45072115384615385 0.09134615384615384 0.125
0 0.7451923076923077 0.4254807692307692 0.0625 0.09375
0 0.1141826923076923 0.2932692307692308 0.055288461538461536 0.0889423076923077
0 0.515625 0.38221153846153844 0.04326923076923077 0.0673076923076923
0 0.24519230769230768 0.3269230769230769 0.055288461538461536 0.07692307692307693
0 0.5961538461538461 0.41346153846153844 0.06009615384615385 0.08413461538461539
0 0.4723557692307692 0.38822115384615385 0.05048076923076923 0.07932692307692307
3 0.5048076923076923 0.4579326923076923 0.0673076923076923 0.10817307692307693
3 0.32572115384615385 0.4387019230769231 0.125 0.1658653846153846
3 0.22716346153846154 0.41947115384615385 0.1201923076923077 0.15144230769230768
3 0.09495192307692307 0.39903846153846156 0.12259615384615384 0.1658653846153846
3 0.5769230769230769 0.5216346153846154 0.12259615384615384 0.1658653846153846
3 0.7127403846153846 0.5552884615384616 0.14182692307692307 0.20432692307692307
3 0.44711538461538464 0.5096153846153846 0.12980769230769232 0.21394230769230768
3 0.8485576923076923 0.5949519230769231 0.17067307692307693 0.22596153846153846