0 0.28846153846153844 0.41225961538461536 0.06009615384615385 0.07932692307692307
0 0.8173076923076923 0.30528846153846156 0.09134615384615384 0.125
0 0.6935096153846154 0.3317307692307692 0.0625 0.09375
0 0.06370192307692307 0.46875 0.055288461538461536 0.0889423076923077
0 0.46634615384615385 0.3870192307692308 0.04326923076923077 0.0673076923076923
0 0.1971153846153846 0.44471153846153844 0.055288461538461536 0.07692307692307693
0 0.5528846153846154 0.38221153846153844 0.06009615384615385 0.08413461538461539
0 0.42908653846153844 0.4098557692307692 0.05048076923076923 0.07932692307692307
3 0.4879807692307692 0.45913461538461536 0.0673076923076923 0.10817307692307693
3 0.3161057692307692 0.5144230769230769 0.125 0.1658653846153846
3 0.21754807692307693 0.5372596153846154 0.1201923076923077 0.15144230769230768
3 0.0889423076923077 0.5721153846153846 0.12259615384615384 0.1658653846153846
3 0.578125 0.4879807692307692 0.12259615384615384 0.1658653846153846
3 0.7175480769230769 0.4639423076923077 0.14182692307692307 0.20432692307692307
3 0.45552884615384615 0.5300480769230769 0.12980769230769232 0.21394230769230768
3 0.8569711538461539 0.44471153846153844 0.17067307692307693 0.22596153846153846