0 0.5228365384615384 0.48197115384615385 0.06490384615384616 0.09615384615384616
0 0.6658653846153846 0.5252403846153846 0.06490384615384616 0.08173076923076923
0 0.484375 0.48197115384615385 0.06490384615384616 0.0889423076923077
2 0.5913461538461539 0.5132211538461539 0.08173076923076923 0.08413461538461539
0 0.3737980769230769 0.4723557692307692 0.055288461538461536 0.06971153846153846
2 0.28125 0.4567307692307692 0.04807692307692308 0.0625
0 0.19951923076923078 0.4411057692307692 0.0673076923076923 0.08653846153846154
3 0.5733173076923077 0.6021634615384616 0.11298076923076923 0.1346153846153846
3 0.453125 0.5769230769230769 0.10336538461538461 0.16346153846153846
3 0.6586538461538461 0.6298076923076923 0.12259615384615384 0.16346153846153846
3 0.4987980769230769 0.5961538461538461 0.10576923076923077 0.16346153846153846
3 0.2620192307692308 0.5384615384615384 0.09615384615384616 0.125
3 0.3557692307692308 0.5697115384615384 0.11057692307692307 0.14903846153846154
3 0.17548076923076922 0.5396634615384616 0.11057692307692307 0.14423076923076922