0 0.5216346153846154 0.4807692307692308 0.06009615384615385 0.09375
0 0.6670673076923077 0.5132211538461539 0.06009615384615385 0.07932692307692307
0 0.4831730769230769 0.4831730769230769 0.06009615384615385 0.08653846153846154
2 0.5913461538461539 0.5060096153846154 0.07932692307692307 0.08173076923076923
0 0.37259615384615385 0.4807692307692308 0.052884615384615384 0.06971153846153846
2 0.27884615384615385 0.4723557692307692 0.04567307692307692 0.06009615384615385
0 0.1971153846153846 0.46274038461538464 0.0625 0.08413461538461539
3 0.5805288461538461 0.5973557692307693 0.10576923076923077 0.12980769230769232
3 0.45913461538461536 0.5793269230769231 0.09375 0.16105769230769232
3 0.6670673076923077 0.6189903846153846 0.11298076923076923 0.15865384615384615
3 0.5048076923076923 0.5961538461538461 0.09615384615384616 0.16105769230769232
3 0.265625 0.5552884615384616 0.09134615384615384 0.12259615384615384
3 0.36177884615384615 0.5793269230769231 0.10336538461538461 0.1466346153846154
3 0.17908653846153846 0.5612980769230769 0.10336538461538461 0.13942307692307693