2 0.6875 0.40625 0.07692307692307693 0.10817307692307693
2 0.7728365384615384 0.4110576923076923 0.09375 0.12740384615384615
2 0.5769230769230769 0.4375 0.052884615384615384 0.07932692307692307
2 0.5324519230769231 0.4423076923076923 0.04807692307692308 0.0673076923076923
2 0.6442307692307693 0.4338942307692308 0.055288461538461536 0.0889423076923077
2 0.33533653846153844 0.4735576923076923 0.055288461538461536 0.08413461538461539
2 0.4254807692307692 0.4807692307692308 0.040865384615384616 0.04807692307692308
3 0.43028846153846156 0.5384615384615384 0.08173076923076923 0.0889423076923077
3 0.5168269230769231 0.5336538461538461 0.0889423076923077 0.1201923076923077
3 0.5805288461538461 0.5432692307692307 0.11538461538461539 0.15865384615384615
3 0.33413461538461536 0.5745192307692307 0.12740384615384615 0.16105769230769232
3 0.7271634615384616 0.5336538461538461 0.11057692307692307 0.2091346153846154
3 0.6622596153846154 0.5504807692307693 0.09375 0.18028846153846154
3 0.8329326923076923 0.5805288461538461 0.1778846153846154 0.28125