2 0.7079326923076923 0.4723557692307692 0.08653846153846154 0.11538461538461539
2 0.7872596153846154 0.5048076923076923 0.10817307692307693 0.1346153846153846
2 0.5925480769230769 0.46634615384615385 0.06009615384615385 0.08173076923076923
2 0.5492788461538461 0.45552884615384615 0.055288461538461536 0.07211538461538461
2 0.6574519230769231 0.484375 0.06490384615384616 0.09375
2 0.35336538461538464 0.421875 0.06490384615384616 0.0889423076923077
2 0.43509615384615385 0.4579326923076923 0.04567307692307692 0.05048076923076923
3 0.421875 0.5144230769230769 0.0889423076923077 0.09615384615384616
3 0.5048076923076923 0.5372596153846154 0.10096153846153846 0.12740384615384615
3 0.5625 0.5673076923076923 0.13221153846153846 0.1658653846153846
3 0.31850961538461536 0.515625 0.14423076923076922 0.17067307692307693
3 0.703125 0.6057692307692307 0.13221153846153846 0.21634615384615385
3 0.6370192307692307 0.6009615384615384 0.11298076923076923 0.18509615384615385
3 0.7884615384615384 0.6850961538461539 0.20673076923076922 0.2956730769230769