0 0.5144230769230769 0.47475961538461536 0.057692307692307696 0.09375
0 0.6622596153846154 0.4579326923076923 0.057692307692307696 0.07932692307692307
0 0.47836538461538464 0.49038461538461536 0.057692307692307696 0.08653846153846154
2 0.5889423076923077 0.47596153846153844 0.07692307692307693 0.08173076923076923
0 0.3737980769230769 0.5240384615384616 0.05048076923076923 0.0673076923076923
2 0.2824519230769231 0.5456730769230769 0.04567307692307692 0.06009615384615385
0 0.20072115384615385 0.5637019230769231 0.06009615384615385 0.08413461538461539
3 0.6081730769230769 0.5661057692307693 0.10336538461538461 0.12980769230769232
3 0.48677884615384615 0.5889423076923077 0.09134615384615384 0.16105769230769232
3 0.6971153846153846 0.5576923076923077 0.11057692307692307 0.15865384615384615
3 0.5360576923076923 0.5889423076923077 0.09375 0.15865384615384615
3 0.296875 0.6286057692307693 0.0889423076923077 0.1201923076923077
3 0.3954326923076923 0.6201923076923077 0.10096153846153846 0.1466346153846154
3 0.21634615384615385 0.6634615384615384 0.10096153846153846 0.13942307692307693