2 0.671875 0.38100961538461536 0.0889423076923077 0.11538461538461539
2 0.7584134615384616 0.3737980769230769 0.10817307692307693 0.1346153846153846
2 0.5673076923076923 0.42788461538461536 0.06009615384615385 0.08413461538461539
2 0.5240384615384616 0.4387019230769231 0.055288461538461536 0.07211538461538461
2 0.6334134615384616 0.41466346153846156 0.0673076923076923 0.09375
2 0.3329326923076923 0.4963942307692308 0.06490384615384616 0.0889423076923077
2 0.4230769230769231 0.49158653846153844 0.04567307692307692 0.052884615384615384
3 0.4362980769230769 0.5480769230769231 0.09134615384615384 0.09615384615384616
3 0.5216346153846154 0.5300480769230769 0.10096153846153846 0.12740384615384615
3 0.5865384615384616 0.53125 0.1346153846153846 0.16826923076923078
3 0.34615384615384615 0.5961538461538461 0.1466346153846154 0.17307692307692307
3 0.7295673076923077 0.5024038461538461 0.13701923076923078 0.21875
3 0.6682692307692307 0.5276442307692307 0.11538461538461539 0.1875
3 0.8401442307692307 0.5336538461538461 0.21153846153846154 0.2956730769230769