2 0.08774038461538461 0.2848557692307692 0.08173076923076923 0.14182692307692307
2 0.9699519230769231 0.4074519230769231 0.05048076923076923 0.0889423076923077
3 0.7836538461538461 0.4855769230769231 0.15144230769230768 0.2980769230769231
3 0.5576923076923077 0.46875 0.16346153846153846 0.2932692307692308
3 0.3641826923076923 0.45552884615384615 0.17307692307692307 0.33413461538461536
3 0.8978365384615384 0.5060096153846154 0.17307692307692307 0.3701923076923077
2 0.1502403846153846 0.44471153846153844 0.026442307692307692 0.04326923076923077
3 0.9651442307692307 0.5384615384615384 0.06490384615384616 0.22596153846153846
3 0.2668269230769231 0.47836538461538464 0.11778846153846154 0.29086538461538464
3 0.14423076923076922 0.5012019230769231 0.04807692307692308 0.09615384615384616
3 0.0733173076923077 0.5024038461538461 0.1466346153846154 0.3076923076923077
2 0.8918269230769231 0.25721153846153844 0.0889423076923077 0.1466346153846154
2 0.39663461538461536 0.22596153846153846 0.10096153846153846 0.15144230769230768
2 0.7896634615384616 0.28125 0.08173076923076923 0.13942307692307693
2 0.5745192307692307 0.2764423076923077 0.10096153846153846 0.16346153846153846
2 0.32091346153846156 0.28125 0.07451923076923077 0.13221153846153846