0 0.16706730769230768 0.13581730769230768 0.15384615384615385 0.19230769230769232
2 0.5853365384615384 0.265625 0.10576923076923077 0.12740384615384615
2 0.8545673076923077 0.34134615384615385 0.09134615384615384 0.12980769230769232
2 0.40384615384615385 0.22956730769230768 0.0985576923076923 0.13701923076923078
2 0.9639423076923077 0.40865384615384615 0.0673076923076923 0.15865384615384615
3 0.6838942307692307 0.4362980769230769 0.18990384615384615 0.27163461538461536
3 0.5372596153846154 0.43028846153846156 0.19951923076923078 0.30528846153846156
3 0.36177884615384615 0.41947115384615385 0.20432692307692307 0.3004807692307692
3 0.8269230769230769 0.5456730769230769 0.23076923076923078 0.3389423076923077
3 0.11057692307692307 0.41466346153846156 0.22115384615384615 0.46875
3 0.22716346153846154 0.45552884615384615 0.3125 0.5673076923076923
3 0.8930288461538461 0.6514423076923077 0.2091346153846154 0.4375
0 0.3161057692307692 0.12740384615384615 0.18028846153846154 0.25
0 0.7271634615384616 0.2608173076923077 0.0985576923076923 0.13942307692307693