2 0.07091346153846154 0.32211538461538464 0.07211538461538461 0.13701923076923078
2 0.9603365384615384 0.36658653846153844 0.04326923076923077 0.08653846153846154
3 0.78125 0.46033653846153844 0.12740384615384615 0.28846153846153844
3 0.5552884615384616 0.4639423076923077 0.13942307692307693 0.28125
3 0.3605769230769231 0.4675480769230769 0.1466346153846154 0.32211538461538464
3 0.8966346153846154 0.47115384615384615 0.14423076923076922 0.3581730769230769
2 0.1466346153846154 0.47596153846153844 0.02403846153846154 0.04326923076923077
3 0.9711538461538461 0.4963942307692308 0.052884615384615384 0.21875
3 0.265625 0.4987980769230769 0.09134615384615384 0.28365384615384615
3 0.14543269230769232 0.5324519230769231 0.038461538461538464 0.09375
3 0.06850961538461539 0.5396634615384616 0.12980769230769232 0.2932692307692308
2 0.8689903846153846 0.22355769230769232 0.07692307692307693 0.13942307692307693
2 0.37259615384615385 0.23557692307692307 0.08653846153846154 0.14423076923076922
2 0.7692307692307693 0.25721153846153844 0.06971153846153846 0.1346153846153846
2 0.5552884615384616 0.2704326923076923 0.08653846153846154 0.15625
2 0.30288461538461536 0.2980769230769231 0.06490384615384616 0.125