0 0.05889423076923077 0.3112980769230769 0.11778846153846154 0.18990384615384615
2 0.47836538461538464 0.2512019230769231 0.0985576923076923 0.12259615384615384
2 0.7548076923076923 0.20673076923076922 0.08173076923076923 0.12740384615384615
2 0.2980769230769231 0.2956730769230769 0.0889423076923077 0.1346153846153846
2 0.9074519230769231 0.2091346153846154 0.11538461538461539 0.14903846153846154
3 0.6394230769230769 0.3641826923076923 0.17067307692307693 0.2644230769230769
3 0.5048076923076923 0.4206730769230769 0.1778846153846154 0.3004807692307692
3 0.34134615384615385 0.4855769230769231 0.18269230769230768 0.2932692307692308
3 0.8149038461538461 0.4026442307692308 0.20673076923076922 0.3317307692307692
3 0.10216346153846154 0.5997596153846154 0.20432692307692307 0.4639423076923077
3 0.23317307692307693 0.5745192307692307 0.27163461538461536 0.5625
3 0.9134615384615384 0.4651442307692308 0.16826923076923078 0.43509615384615385
0 0.17548076923076922 0.2403846153846154 0.16346153846153846 0.24278846153846154
0 0.6045673076923077 0.1875 0.0889423076923077 0.1346153846153846