2 0.12139423076923077 0.22956730769230768 0.10096153846153846 0.14903846153846154
2 0.9723557692307693 0.4735576923076923 0.05048076923076923 0.09615384615384616
3 0.7824519230769231 0.5240384615384616 0.18990384615384615 0.31009615384615385
3 0.5625 0.47716346153846156 0.19951923076923078 0.30528846153846156
3 0.3713942307692308 0.4375 0.21634615384615385 0.3485576923076923
3 0.890625 0.5625 0.21394230769230768 0.38461538461538464
2 0.16105769230769232 0.39663461538461536 0.03125 0.04567307692307692
3 0.953125 0.6021634615384616 0.0889423076923077 0.2283653846153846
3 0.27163461538461536 0.44591346153846156 0.15384615384615385 0.2980769230769231
3 0.1466346153846154 0.4519230769230769 0.06009615384615385 0.10096153846153846
3 0.08533653846153846 0.4411057692307692 0.17067307692307693 0.31971153846153844
2 0.921875 0.3137019230769231 0.10817307692307693 0.15384615384615385
2 0.43509615384615385 0.21394230769230768 0.11778846153846154 0.16105769230769232
2 0.8173076923076923 0.3245192307692308 0.0985576923076923 0.1466346153846154
2 0.6057692307692307 0.28846153846153844 0.1201923076923077 0.17067307692307693
2 0.35336538461538464 0.25841346153846156 0.09134615384615384 0.13701923076923078