0 0.14903846153846154 0.15384615384615385 0.1466346153846154 0.18990384615384615
2 0.5733173076923077 0.2608173076923077 0.10096153846153846 0.12259615384615384
2 0.8461538461538461 0.3233173076923077 0.08653846153846154 0.12740384615384615
2 0.3894230769230769 0.234375 0.09134615384615384 0.13701923076923078
2 0.9615384615384616 0.38461538461538464 0.07211538461538461 0.15384615384615385
3 0.6802884615384616 0.4266826923076923 0.18028846153846154 0.2692307692307692
3 0.5336538461538461 0.42908653846153844 0.18509615384615385 0.30288461538461536
3 0.3581730769230769 0.4266826923076923 0.19230769230769232 0.2956730769230769
3 0.828125 0.5276442307692307 0.21634615384615385 0.33653846153846156
3 0.10216346153846154 0.4375 0.20432692307692307 0.46634615384615385
3 0.2247596153846154 0.4699519230769231 0.28846153846153844 0.5649038461538461
3 0.9014423076923077 0.6298076923076923 0.19230769230769232 0.4375
0 0.296875 0.13701923076923078 0.17067307692307693 0.24519230769230768
0 0.7139423076923077 0.25 0.09375 0.13701923076923078