0 0.18870192307692307 0.3762019230769231 0.19230769230769232 0.34134615384615385
0 0.7776442307692307 0.3557692307692308 0.19951923076923078 0.3293269230769231
0 0.9038461538461539 0.3918269230769231 0.15144230769230768 0.23076923076923078
0 0.4795673076923077 0.4855769230769231 0.15384615384615385 0.23798076923076922
0 0.028846153846153848 0.5853365384615384 0.057692307692307696 0.1466346153846154
0 0.3269230769230769 0.5396634615384616 0.13942307692307693 0.22596153846153846
3 0.1935096153846154 0.7163461538461539 0.35336538461538464 0.5625
3 0.8401442307692307 0.7079326923076923 0.31490384615384615 0.49759615384615385
3 0.9447115384615384 0.6911057692307693 0.10576923076923077 0.4495192307692308
3 0.38461538461538464 0.8088942307692307 0.22115384615384615 0.37740384615384615
3 0.5336538461538461 0.7860576923076923 0.3125 0.4230769230769231