0 0.1971153846153846 0.3545673076923077 0.17307692307692307 0.33413461538461536
0 0.7872596153846154 0.375 0.18028846153846154 0.32211538461538464
0 0.9098557692307693 0.4206730769230769 0.13701923076923078 0.22596153846153846
0 0.4807692307692308 0.484375 0.13942307692307693 0.23317307692307693
0 0.02403846153846154 0.5528846153846154 0.04807692307692308 0.14423076923076922
0 0.3245192307692308 0.5276442307692307 0.125 0.22115384615384615
3 0.17668269230769232 0.7079326923076923 0.31490384615384615 0.5793269230769231
3 0.8389423076923077 0.7307692307692307 0.3173076923076923 0.4855769230769231
3 0.9447115384615384 0.7235576923076923 0.10576923076923077 0.44711538461538464
3 0.3629807692307692 0.8064903846153846 0.1971153846153846 0.38221153846153844
3 0.5120192307692307 0.7896634615384616 0.28846153846153844 0.41586538461538464