0 0.21754807692307693 0.31850961538461536 0.1346153846153846 0.32211538461538464
0 0.8004807692307693 0.4110576923076923 0.14423076923076922 0.3076923076923077
0 0.9170673076923077 0.47115384615384615 0.11057692307692307 0.21153846153846154
0 0.4831730769230769 0.48197115384615385 0.11298076923076923 0.22115384615384615
0 0.018028846153846152 0.49278846153846156 0.03365384615384615 0.13942307692307693
0 0.32211538461538464 0.5060096153846154 0.10096153846153846 0.21153846153846154
3 0.14903846153846154 0.6923076923076923 0.2403846153846154 0.6057692307692307
3 0.8100961538461539 0.7704326923076923 0.2644230769230769 0.4519230769230769
3 0.9423076923076923 0.7800480769230769 0.11057692307692307 0.4326923076923077
3 0.32572115384615385 0.7944711538461539 0.14903846153846154 0.3798076923076923
3 0.47596153846153844 0.7956730769230769 0.23798076923076922 0.4014423076923077