3 0.7019230769230769 0.4230769230769231 0.16346153846153846 0.27163461538461536
3 0.8449519230769231 0.4387019230769231 0.1778846153846154 0.2860576923076923
3 0.5432692307692307 0.41947115384615385 0.18990384615384615 0.25721153846153844
3 0.3329326923076923 0.4098557692307692 0.17307692307692307 0.25
3 0.16466346153846154 0.4230769230769231 0.21394230769230768 0.29086538461538464
2 0.8497596153846154 0.2548076923076923 0.07451923076923077 0.10576923076923077
2 0.703125 0.2548076923076923 0.07451923076923077 0.11057692307692307
2 0.546875 0.2536057692307692 0.06971153846153846 0.10336538461538461
2 0.17548076923076922 0.24278846153846154 0.07932692307692307 0.125
2 0.35336538461538464 0.2620192307692308 0.07451923076923077 0.11538461538461539
2 0.5108173076923077 0.2764423076923077 0.05048076923076923 0.0673076923076923