2 0.47475961538461536 0.44591346153846156 0.07932692307692307 0.12259615384615384
2 0.8293269230769231 0.36177884615384615 0.08653846153846154 0.125
2 0.6658653846153846 0.40865384615384615 0.09134615384615384 0.13942307692307693
2 0.34375 0.49399038461538464 0.0985576923076923 0.14182692307692307
2 0.18990384615384615 0.5444711538461539 0.10336538461538461 0.13701923076923078
2 0.6213942307692307 0.44471153846153844 0.0673076923076923 0.10576923076923077
3 0.5120192307692307 0.5829326923076923 0.17067307692307693 0.22115384615384615
3 0.8846153846153846 0.5096153846153846 0.22596153846153846 0.27884615384615385
3 0.7115384615384616 0.5588942307692307 0.22115384615384615 0.28125
3 0.3581730769230769 0.65625 0.18509615384615385 0.2860576923076923
3 0.19831730769230768 0.7235576923076923 0.21394230769230768 0.28125