3 0.6754807692307693 0.37259615384615385 0.19230769230769232 0.2860576923076923
3 0.8173076923076923 0.35096153846153844 0.2091346153846154 0.3004807692307692
3 0.5204326923076923 0.4110576923076923 0.21875 0.27403846153846156
3 0.31490384615384615 0.4567307692307692 0.19951923076923078 0.2668269230769231
3 0.15625 0.5132211538461539 0.24519230769230768 0.31009615384615385
2 0.7740384615384616 0.171875 0.08653846153846154 0.11298076923076923
2 0.6322115384615384 0.21153846153846154 0.08653846153846154 0.11778846153846154
2 0.48197115384615385 0.25 0.07932692307692307 0.11057692307692307
2 0.1201923076923077 0.33533653846153844 0.09375 0.13221153846153846
2 0.2956730769230769 0.3076923076923077 0.08653846153846154 0.12259615384615384
2 0.453125 0.28125 0.057692307692307696 0.07211538461538461