2 0.5036057692307693 0.43990384615384615 0.07932692307692307 0.12259615384615384
2 0.8557692307692307 0.5324519230769231 0.08653846153846154 0.125
2 0.6887019230769231 0.49759615384615385 0.09134615384615384 0.13942307692307693
2 0.3641826923076923 0.421875 0.0985576923076923 0.14182692307692307
2 0.20552884615384615 0.3942307692307692 0.10336538461538461 0.13701923076923078
2 0.6334134615384616 0.5084134615384616 0.0673076923076923 0.10576923076923077
3 0.4723557692307692 0.578125 0.17067307692307693 0.22115384615384615
3 0.8449519230769231 0.6923076923076923 0.24519230769230768 0.2764423076923077
3 0.6598557692307693 0.6514423076923077 0.22115384615384615 0.28125
3 0.3016826923076923 0.5721153846153846 0.18509615384615385 0.2860576923076923
3 0.12860576923076922 0.5564903846153846 0.21394230769230768 0.28125