2 0.47596153846153844 0.44471153846153844 0.07692307692307693 0.12259615384615384
2 0.8317307692307693 0.36778846153846156 0.08653846153846154 0.125
2 0.6670673076923077 0.41225961538461536 0.0889423076923077 0.13701923076923078
2 0.34375 0.49158653846153844 0.09615384615384616 0.14182692307692307
2 0.18990384615384615 0.5396634615384616 0.10336538461538461 0.1346153846153846
2 0.6225961538461539 0.44711538461538464 0.0673076923076923 0.10576923076923077
3 0.5108173076923077 0.5829326923076923 0.1658653846153846 0.21875
3 0.8846153846153846 0.515625 0.22596153846153846 0.2764423076923077
3 0.7103365384615384 0.5625 0.21875 0.27884615384615385
3 0.3557692307692308 0.6538461538461539 0.18028846153846154 0.28365384615384615
3 0.1935096153846154 0.71875 0.2091346153846154 0.28125