2 0.6021634615384616 0.3641826923076923 0.04567307692307692 0.06490384615384616
2 0.5336538461538461 0.3942307692307692 0.03365384615384615 0.0673076923076923
3 0.65625 0.4519230769230769 0.13221153846153846 0.1971153846153846
3 0.5853365384615384 0.4675480769230769 0.07692307692307693 0.17067307692307693
3 0.8100961538461539 0.4639423076923077 0.17548076923076922 0.23076923076923078
3 0.9242788461538461 0.4651442307692308 0.10817307692307693 0.1778846153846154
3 0.5300480769230769 0.484375 0.07451923076923077 0.13942307692307693
3 0.38461538461538464 0.48677884615384615 0.15384615384615385 0.20432692307692307
2 0.8052884615384616 0.3076923076923077 0.06490384615384616 0.11057692307692307
2 0.6442307692307693 0.3233173076923077 0.057692307692307696 0.08413461538461539
2 0.38461538461538464 0.3401442307692308 0.08173076923076923 0.12740384615384615
2 0.90625 0.3425480769230769 0.04807692307692308 0.07211538461538461