2 0.5745192307692307 0.3473557692307692 0.057692307692307696 0.07211538461538461
2 0.5132211538461539 0.390625 0.04807692307692308 0.07211538461538461
3 0.6442307692307693 0.4230769230769231 0.1658653846153846 0.21875
3 0.5769230769230769 0.4519230769230769 0.10576923076923077 0.18028846153846154
3 0.796875 0.4050480769230769 0.21634615384615385 0.25961538461538464
3 0.9098557692307693 0.38461538461538464 0.13942307692307693 0.19230769230769232
3 0.5264423076923077 0.47836538461538464 0.10096153846153846 0.14903846153846154
3 0.38341346153846156 0.5084134615384616 0.18990384615384615 0.2283653846153846
2 0.7632211538461539 0.25240384615384615 0.08413461538461539 0.1201923076923077
2 0.6081730769230769 0.29927884615384615 0.07211538461538461 0.09375
2 0.3557692307692308 0.3641826923076923 0.10336538461538461 0.13942307692307693
2 0.8689903846153846 0.26802884615384615 0.06009615384615385 0.07932692307692307