2 0.5973557692307693 0.36177884615384615 0.04807692307692308 0.06490384615384616
2 0.5300480769230769 0.3942307692307692 0.036057692307692304 0.06971153846153846
3 0.6550480769230769 0.44591346153846156 0.13942307692307693 0.20192307692307693
3 0.5841346153846154 0.4639423076923077 0.08173076923076923 0.17307692307692307
3 0.8076923076923077 0.453125 0.18269230769230768 0.23798076923076922
3 0.921875 0.45072115384615385 0.11298076923076923 0.18028846153846154
3 0.5288461538461539 0.4831730769230769 0.07932692307692307 0.14182692307692307
3 0.38341346153846156 0.49038461538461536 0.16105769230769232 0.2091346153846154
2 0.7980769230769231 0.296875 0.0673076923076923 0.11298076923076923
2 0.6382211538461539 0.31850961538461536 0.06009615384615385 0.08653846153846154
2 0.3786057692307692 0.34375 0.08653846153846154 0.12980769230769232
2 0.9002403846153846 0.328125 0.05048076923076923 0.07211538461538461