2 0.29447115384615385 0.2764423076923077 0.07211538461538461 0.125
2 0.7632211538461539 0.31850961538461536 0.055288461538461536 0.10817307692307693
2 0.4375 0.30649038461538464 0.08173076923076923 0.15144230769230768
2 0.5997596153846154 0.33653846153846156 0.036057692307692304 0.0673076923076923
2 0.11778846153846154 0.3401442307692308 0.08173076923076923 0.1466346153846154
3 0.6009615384615384 0.4543269230769231 0.10336538461538461 0.20192307692307693
3 0.30288461538461536 0.48677884615384615 0.19230769230769232 0.35096153846153844
3 0.7572115384615384 0.5108173076923077 0.1346153846153846 0.3293269230769231
3 0.8810096153846154 0.5396634615384616 0.23317307692307693 0.5120192307692307
3 0.4579326923076923 0.5276442307692307 0.21153846153846154 0.38461538461538464
3 0.12620192307692307 0.5540865384615384 0.18509615384615385 0.36538461538461536
2 0.890625 0.23197115384615385 0.10576923076923077 0.1875