0 0.4519230769230769 0.47836538461538464 0.055288461538461536 0.09615384615384616
0 0.2536057692307692 0.515625 0.08653846153846154 0.14182692307692307
0 0.3269230769230769 0.5216346153846154 0.04326923076923077 0.0985576923076923
0 0.6526442307692307 0.5036057692307693 0.04326923076923077 0.06971153846153846
0 0.5408653846153846 0.5204326923076923 0.052884615384615384 0.0889423076923077
0 0.5997596153846154 0.5240384615384616 0.06971153846153846 0.10336538461538461
0 0.3629807692307692 0.5372596153846154 0.06490384615384616 0.11057692307692307
1 0.6634615384615384 0.5997596153846154 0.07932692307692307 0.14903846153846154
1 0.4519230769230769 0.6225961538461539 0.11057692307692307 0.21634615384615385
1 0.5492788461538461 0.6622596153846154 0.08413461538461539 0.1971153846153846
1 0.5949519230769231 0.6838942307692307 0.09615384615384616 0.25240384615384615
1 0.37259615384615385 0.7091346153846154 0.12980769230769232 0.2548076923076923
1 0.24879807692307693 0.7151442307692307 0.14182692307692307 0.3076923076923077