0 0.453125 0.47475961538461536 0.05048076923076923 0.09375
0 0.2536057692307692 0.49759615384615385 0.08173076923076923 0.13942307692307693
0 0.32572115384615385 0.5084134615384616 0.040865384615384616 0.09615384615384616
0 0.6526442307692307 0.5144230769230769 0.040865384615384616 0.0673076923076923
0 0.5396634615384616 0.5240384615384616 0.05048076923076923 0.08653846153846154
0 0.5985576923076923 0.5300480769230769 0.06490384615384616 0.10096153846153846
0 0.36177884615384615 0.5276442307692307 0.0625 0.10817307692307693
1 0.6550480769230769 0.6105769230769231 0.07451923076923077 0.14903846153846154
1 0.44350961538461536 0.6189903846153846 0.10336538461538461 0.21394230769230768
1 0.5384615384615384 0.6658653846153846 0.07692307692307693 0.19471153846153846
1 0.5817307692307693 0.6899038461538461 0.08653846153846154 0.25
1 0.3581730769230769 0.6995192307692307 0.12259615384615384 0.25
1 0.234375 0.6971153846153846 0.13221153846153846 0.30288461538461536