0 0.46033653846153844 0.4651442307692308 0.06971153846153846 0.10336538461538461
0 0.2608173076923077 0.4423076923076923 0.11057692307692307 0.15384615384615385
0 0.328125 0.4699519230769231 0.06009615384615385 0.10336538461538461
0 0.6454326923076923 0.5480769230769231 0.055288461538461536 0.07451923076923077
0 0.5324519230769231 0.53125 0.0673076923076923 0.09615384615384616
0 0.5889423076923077 0.5516826923076923 0.08653846153846154 0.11298076923076923
0 0.3581730769230769 0.4951923076923077 0.08413461538461539 0.1201923076923077
1 0.6262019230769231 0.6430288461538461 0.10576923076923077 0.15865384615384615
1 0.4182692307692308 0.6033653846153846 0.14903846153846154 0.2283653846153846
1 0.5 0.6694711538461539 0.1201923076923077 0.20673076923076922
1 0.5372596153846154 0.7043269230769231 0.13942307692307693 0.25961538461538464
1 0.3173076923076923 0.6622596153846154 0.17548076923076922 0.2692307692307692
1 0.1971153846153846 0.6322115384615384 0.1971153846153846 0.32211538461538464