2 0.3016826923076923 0.2692307692307692 0.07692307692307693 0.12740384615384615
2 0.7692307692307693 0.328125 0.057692307692307696 0.10817307692307693
2 0.44471153846153844 0.30408653846153844 0.08653846153846154 0.15144230769230768
2 0.6057692307692307 0.3401442307692308 0.038461538461538464 0.0673076923076923
2 0.12259615384615384 0.3269230769230769 0.08653846153846154 0.1466346153846154
3 0.6021634615384616 0.4579326923076923 0.11057692307692307 0.20432692307692307
3 0.30408653846153844 0.4807692307692308 0.20432692307692307 0.3557692307692308
3 0.7560096153846154 0.5204326923076923 0.1466346153846154 0.3317307692307692
3 0.8762019230769231 0.5516826923076923 0.24278846153846154 0.5168269230769231
3 0.4567307692307692 0.5264423076923077 0.22355769230769232 0.3918269230769231
3 0.125 0.5408653846153846 0.1971153846153846 0.3701923076923077
2 0.9002403846153846 0.24519230769230768 0.11298076923076923 0.18990384615384615