2 0.3401442307692308 0.2403846153846154 0.09375 0.1346153846153846
2 0.7932692307692307 0.37259615384615385 0.07211538461538461 0.11298076923076923
2 0.47596153846153844 0.2980769230769231 0.10576923076923077 0.16105769230769232
2 0.6298076923076923 0.359375 0.04807692307692308 0.07211538461538461
2 0.15504807692307693 0.2704326923076923 0.10576923076923077 0.15625
3 0.6081730769230769 0.47475961538461536 0.13701923076923078 0.21394230769230768
3 0.3088942307692308 0.4495192307692308 0.25240384615384615 0.37259615384615385
3 0.75 0.5600961538461539 0.19230769230769232 0.34134615384615385
3 0.8521634615384616 0.6105769230769231 0.29086538461538464 0.5384615384615384
3 0.453125 0.5192307692307693 0.2764423076923077 0.4110576923076923
3 0.12379807692307693 0.4831730769230769 0.24759615384615385 0.3894230769230769
2 0.9314903846153846 0.3125 0.13221153846153846 0.20192307692307693