2 0.3629807692307692 0.22235576923076922 0.055288461538461536 0.08413461538461539
2 0.8064903846153846 0.16105769230769232 0.06009615384615385 0.0985576923076923
2 0.6237980769230769 0.19230769230769232 0.057692307692307696 0.09375
2 0.20673076923076922 0.265625 0.052884615384615384 0.09375
2 0.5072115384615384 0.2247596153846154 0.057692307692307696 0.09615384615384616
2 0.11177884615384616 0.2824519230769231 0.057692307692307696 0.0985576923076923
2 0.5673076923076923 0.21995192307692307 0.05048076923076923 0.09375
2 0.5372596153846154 0.23317307692307693 0.028846153846153848 0.05048076923076923
2 0.4254807692307692 0.2620192307692308 0.038461538461538464 0.06009615384615385
3 0.3858173076923077 0.3329326923076923 0.12980769230769232 0.1778846153846154
3 0.578125 0.3088942307692308 0.09134615384615384 0.14903846153846154
3 0.23557692307692307 0.359375 0.125 0.16826923076923078
3 0.640625 0.30288461538461536 0.1346153846153846 0.18509615384615385
3 0.8245192307692307 0.2824519230769231 0.1466346153846154 0.19230769230769232
3 0.4423076923076923 0.3401442307692308 0.07692307692307693 0.1346153846153846
3 0.1310096153846154 0.3918269230769231 0.13221153846153846 0.1658653846153846
3 0.5144230769230769 0.34615384615384615 0.125 0.18269230769230768