2 0.3485576923076923 0.22956730769230768 0.06009615384615385 0.08653846153846154
2 0.7884615384615384 0.14543269230769232 0.06490384615384616 0.10096153846153846
2 0.6081730769230769 0.18629807692307693 0.0625 0.09615384615384616
2 0.19471153846153846 0.28125 0.057692307692307696 0.09615384615384616
2 0.49278846153846156 0.2247596153846154 0.0625 0.0985576923076923
2 0.10096153846153846 0.30288461538461536 0.0625 0.10096153846153846
2 0.5528846153846154 0.21634615384615385 0.055288461538461536 0.09375
2 0.5240384615384616 0.23197115384615385 0.03125 0.05048076923076923
2 0.41346153846153844 0.265625 0.040865384615384616 0.06009615384615385
3 0.37740384615384615 0.3389423076923077 0.13701923076923078 0.18269230769230768
3 0.5673076923076923 0.30528846153846156 0.0985576923076923 0.15144230769230768
3 0.2283653846153846 0.37259615384615385 0.13221153846153846 0.17307692307692307
3 0.6310096153846154 0.2956730769230769 0.14182692307692307 0.18990384615384615
3 0.8137019230769231 0.265625 0.15384615384615385 0.1971153846153846
3 0.4338942307692308 0.34375 0.08173076923076923 0.13701923076923078
3 0.12620192307692307 0.4110576923076923 0.13942307692307693 0.17067307692307693
3 0.5072115384615384 0.34615384615384615 0.1346153846153846 0.18509615384615385