0 0.12379807692307693 0.42427884615384615 0.08653846153846154 0.15625
0 0.03485576923076923 0.43990384615384615 0.06971153846153846 0.20673076923076922
0 0.3088942307692308 0.421875 0.055288461538461536 0.11778846153846154
0 0.46274038461538464 0.421875 0.04807692307692308 0.0985576923076923
0 0.6622596153846154 0.4074519230769231 0.04567307692307692 0.10576923076923077
0 0.5180288461538461 0.4254807692307692 0.04326923076923077 0.08653846153846154
0 0.19471153846153846 0.4735576923076923 0.07211538461538461 0.1201923076923077
0 0.6983173076923077 0.42908653846153844 0.0673076923076923 0.10336538461538461
0 0.5805288461538461 0.44591346153846156 0.04807692307692308 0.09134615384615384
0 0.84375 0.4495192307692308 0.07451923076923077 0.11298076923076923
3 0.65625 0.5372596153846154 0.0625 0.1875
3 0.31490384615384615 0.5721153846153846 0.11538461538461539 0.2091346153846154
3 0.4639423076923077 0.5637019230769231 0.10576923076923077 0.2091346153846154
3 0.5348557692307693 0.5600961538461539 0.08413461538461539 0.19471153846153846
3 0.6009615384615384 0.5612980769230769 0.10817307692307693 0.18990384615384615
3 0.703125 0.578125 0.09615384615384616 0.23557692307692307
3 0.125 0.6298076923076923 0.13942307692307693 0.33413461538461536
3 0.20432692307692307 0.6454326923076923 0.09375 0.2620192307692308
3 0.8605769230769231 0.6117788461538461 0.11778846153846154 0.23317307692307693
3 0.052884615384615384 0.7091346153846154 0.10336538461538461 0.3701923076923077