0 0.125 0.4182692307692308 0.08413461538461539 0.15625
0 0.03485576923076923 0.43028846153846156 0.06971153846153846 0.20673076923076922
0 0.31009615384615385 0.4182692307692308 0.052884615384615384 0.11778846153846154
0 0.4639423076923077 0.421875 0.04807692307692308 0.0985576923076923
0 0.6634615384615384 0.4098557692307692 0.04326923076923077 0.10336538461538461
0 0.5192307692307693 0.4266826923076923 0.040865384615384616 0.08653846153846154
0 0.19591346153846154 0.46875 0.06971153846153846 0.1201923076923077
0 0.6995192307692307 0.4326923076923077 0.06490384615384616 0.10336538461538461
0 0.5817307692307693 0.44711538461538464 0.04807692307692308 0.09134615384615384
0 0.8449519230769231 0.45552884615384615 0.07211538461538461 0.11057692307692307
3 0.65625 0.5396634615384616 0.057692307692307696 0.1875
3 0.3137019230769231 0.5685096153846154 0.11057692307692307 0.20673076923076922
3 0.4639423076923077 0.5625 0.10096153846153846 0.2091346153846154
3 0.5348557692307693 0.5600961538461539 0.08173076923076923 0.19471153846153846
3 0.5997596153846154 0.5625 0.10576923076923077 0.18990384615384615
3 0.7019230769230769 0.5817307692307693 0.09375 0.23557692307692307
3 0.12259615384615384 0.6225961538461539 0.13221153846153846 0.3317307692307692
3 0.20192307692307693 0.640625 0.0889423076923077 0.25961538461538464
3 0.859375 0.6177884615384616 0.11298076923076923 0.23317307692307693
3 0.04927884615384615 0.7019230769230769 0.0985576923076923 0.3701923076923077