2 0.4230769230769231 0.19951923076923078 0.05048076923076923 0.08173076923076923
2 0.8701923076923077 0.23197115384615385 0.055288461538461536 0.09615384615384616
2 0.6850961538461539 0.2247596153846154 0.052884615384615384 0.09134615384615384
2 0.2608173076923077 0.21033653846153846 0.04807692307692308 0.09134615384615384
2 0.5649038461538461 0.23197115384615385 0.052884615384615384 0.09375
2 0.16466346153846154 0.20673076923076922 0.052884615384615384 0.09615384615384616
2 0.6237980769230769 0.2403846153846154 0.04567307692307692 0.09134615384615384
2 0.5925480769230769 0.24759615384615385 0.026442307692307692 0.04807692307692308
2 0.47596153846153844 0.2512019230769231 0.03365384615384615 0.057692307692307696
3 0.4230769230769231 0.3125 0.1201923076923077 0.17067307692307693
3 0.6153846153846154 0.3293269230769231 0.08173076923076923 0.14423076923076922
3 0.2704326923076923 0.30649038461538464 0.11298076923076923 0.16346153846153846
3 0.6790865384615384 0.33653846153846156 0.12259615384615384 0.1778846153846154
3 0.8629807692307693 0.3545673076923077 0.1346153846153846 0.18509615384615385
3 0.47716346153846156 0.3317307692307692 0.0673076923076923 0.13221153846153846
3 0.1622596153846154 0.3173076923076923 0.12259615384615384 0.16105769230769232
3 0.546875 0.35216346153846156 0.11538461538461539 0.17548076923076922