0 0.14302884615384615 0.3605769230769231 0.08653846153846154 0.15625
0 0.04447115384615385 0.3581730769230769 0.08413461538461539 0.20432692307692307
0 0.3245192307692308 0.3894230769230769 0.055288461538461536 0.11778846153846154
0 0.47716346153846156 0.4170673076923077 0.04807692307692308 0.0985576923076923
0 0.6754807692307693 0.4375 0.04567307692307692 0.10576923076923077
0 0.5300480769230769 0.43028846153846156 0.04326923076923077 0.08653846153846154
0 0.20432692307692307 0.4206730769230769 0.07211538461538461 0.1201923076923077
0 0.7067307692307693 0.4651442307692308 0.0673076923076923 0.10336538461538461
0 0.5889423076923077 0.46033653846153844 0.04807692307692308 0.09134615384615384
0 0.8473557692307693 0.5096153846153846 0.07451923076923077 0.11298076923076923
3 0.6478365384615384 0.5637019230769231 0.0625 0.1875
3 0.30528846153846156 0.5384615384615384 0.11538461538461539 0.2091346153846154
3 0.4543269230769231 0.5564903846153846 0.10576923076923077 0.2091346153846154
3 0.5240384615384616 0.5649038461538461 0.08413461538461539 0.19471153846153846
3 0.5889423076923077 0.578125 0.10817307692307693 0.18990384615384615
3 0.6862980769230769 0.6129807692307693 0.09615384615384616 0.23557692307692307
3 0.10817307692307693 0.5625 0.13942307692307693 0.33413461538461536
3 0.18269230769230768 0.5913461538461539 0.09375 0.2620192307692308
3 0.8365384615384616 0.6730769230769231 0.11778846153846154 0.23317307692307693
3 0.038461538461538464 0.6286057692307693 0.07692307692307693 0.37259615384615385