2 0.8293269230769231 0.16826923076923078 0.17067307692307693 0.22115384615384615
2 0.47596153846153844 0.2548076923076923 0.14903846153846154 0.21634615384615385
2 0.6466346153846154 0.21995192307692307 0.12980769230769232 0.1778846153846154
2 0.18990384615384615 0.3233173076923077 0.14423076923076922 0.20192307692307693
0 0.3161057692307692 0.33413461538461536 0.0985576923076923 0.1466346153846154
2 0.25721153846153844 0.3545673076923077 0.0673076923076923 0.13221153846153846
2 0.7560096153846154 0.25240384615384615 0.08413461538461539 0.10817307692307693
2 0.03245192307692308 0.41947115384615385 0.06490384615384616 0.23317307692307693
3 0.3762019230769231 0.4951923076923077 0.15144230769230768 0.2860576923076923
3 0.5456730769230769 0.5372596153846154 0.375 0.5072115384615384
3 0.7463942307692307 0.49399038461538464 0.3004807692307692 0.4879807692307692
3 0.8725961538461539 0.46875 0.25 0.4855769230769231
3 0.24158653846153846 0.6225961538461539 0.36538461538461536 0.49038461538461536
3 0.09615384615384616 0.6875 0.19230769230769232 0.41346153846153844