2 0.9230769230769231 0.33052884615384615 0.14903846153846154 0.22355769230769232
2 0.578125 0.265625 0.14903846153846154 0.21634615384615385
2 0.7487980769230769 0.30288461538461536 0.12980769230769232 0.1778846153846154
2 0.28846153846153844 0.2127403846153846 0.14423076923076922 0.20192307692307693
0 0.39903846153846156 0.27283653846153844 0.0985576923076923 0.1466346153846154
2 0.33653846153846156 0.2692307692307692 0.0673076923076923 0.13221153846153846
2 0.8341346153846154 0.3786057692307692 0.08413461538461539 0.10817307692307693
2 0.0829326923076923 0.22596153846153846 0.11298076923076923 0.23076923076923078
3 0.38822115384615385 0.44591346153846156 0.15144230769230768 0.2860576923076923
3 0.5264423076923077 0.5528846153846154 0.375 0.5072115384615384
3 0.7271634615384616 0.5949519230769231 0.3004807692307692 0.4879807692307692
3 0.8617788461538461 0.6322115384615384 0.27163461538461536 0.4855769230769231
3 0.21514423076923078 0.5072115384615384 0.36538461538461536 0.49038461538461536
3 0.07572115384615384 0.5048076923076923 0.15144230769230768 0.41346153846153844