2 0.8569711538461539 0.19831730769230768 0.15625 0.21153846153846154
2 0.49759615384615385 0.2536057692307692 0.13221153846153846 0.2091346153846154
2 0.6706730769230769 0.23317307692307693 0.11538461538461539 0.17067307692307693
2 0.20673076923076922 0.2980769230769231 0.12980769230769232 0.19471153846153846
0 0.3317307692307692 0.31850961538461536 0.0889423076923077 0.14182692307692307
2 0.2704326923076923 0.33413461538461536 0.057692307692307696 0.12980769230769232
2 0.7764423076923077 0.2764423076923077 0.07692307692307693 0.10336538461538461
2 0.03245192307692308 0.37740384615384615 0.06490384615384616 0.23076923076923078
3 0.37740384615384615 0.484375 0.12980769230769232 0.28125
3 0.5420673076923077 0.5408653846153846 0.3389423076923077 0.49038461538461536
3 0.7451923076923077 0.515625 0.2644230769230769 0.47596153846153844
3 0.8822115384615384 0.5036057692307693 0.23076923076923078 0.4735576923076923
3 0.23197115384615385 0.5997596153846154 0.3317307692307692 0.4735576923076923
3 0.08052884615384616 0.6514423076923077 0.16105769230769232 0.40865384615384615