0 0.052884615384615384 0.4182692307692308 0.07211538461538461 0.11057692307692307
2 0.7235576923076923 0.3701923076923077 0.06009615384615385 0.09615384615384616
2 0.84375 0.3605769230769231 0.06490384615384616 0.10336538461538461
2 0.39903846153846156 0.4050480769230769 0.05048076923076923 0.08413461538461539
0 0.31009615384615385 0.4206730769230769 0.0625 0.0985576923076923
2 0.18629807692307693 0.4362980769230769 0.055288461538461536 0.0889423076923077
2 0.5829326923076923 0.453125 0.0625 0.0985576923076923
3 0.4098557692307692 0.5372596153846154 0.11057692307692307 0.21875
3 0.18870192307692307 0.5637019230769231 0.15384615384615385 0.2091346153846154
3 0.06129807692307692 0.5769230769230769 0.12259615384615384 0.25
3 0.3173076923076923 0.5540865384615384 0.1201923076923077 0.2091346153846154
3 0.75 0.5252403846153846 0.14182692307692307 0.24759615384615385
3 0.8689903846153846 0.5240384615384616 0.14182692307692307 0.25
3 0.5901442307692307 0.5661057692307693 0.12740384615384615 0.1778846153846154