0 0.06610576923076923 0.3641826923076923 0.0673076923076923 0.10576923076923077
2 0.7379807692307693 0.39903846153846156 0.055288461538461536 0.09375
2 0.8581730769230769 0.4026442307692308 0.06009615384615385 0.10096153846153846
2 0.4110576923076923 0.39302884615384615 0.04567307692307692 0.08413461538461539
0 0.32091346153846156 0.39783653846153844 0.057692307692307696 0.09615384615384616
2 0.1971153846153846 0.39783653846153844 0.052884615384615384 0.08653846153846154
2 0.5877403846153846 0.4639423076923077 0.057692307692307696 0.09615384615384616
3 0.40625 0.5252403846153846 0.10096153846153846 0.21394230769230768
3 0.18269230769230768 0.5252403846153846 0.14423076923076922 0.20192307692307693
3 0.055288461538461536 0.5240384615384616 0.11057692307692307 0.24519230769230768
3 0.3125 0.5324519230769231 0.10817307692307693 0.20432692307692307
3 0.7451923076923077 0.5552884615384616 0.12980769230769232 0.2403846153846154
3 0.8629807692307693 0.5697115384615384 0.12740384615384615 0.24519230769230768
3 0.5817307692307693 0.5757211538461539 0.11778846153846154 0.17307692307692307