0 0.04567307692307692 0.4735576923076923 0.08173076923076923 0.11538461538461539
2 0.7067307692307693 0.34375 0.06971153846153846 0.10096153846153846
2 0.8245192307692307 0.31971153846153844 0.07692307692307693 0.10817307692307693
2 0.38822115384615385 0.4182692307692308 0.06009615384615385 0.0889423076923077
0 0.3016826923076923 0.44350961538461536 0.07451923076923077 0.10336538461538461
2 0.1814903846153846 0.47475961538461536 0.06490384615384616 0.09134615384615384
2 0.5769230769230769 0.44350961538461536 0.07451923076923077 0.10336538461538461
3 0.41586538461538464 0.546875 0.1346153846153846 0.22596153846153846
3 0.19831730769230768 0.6009615384615384 0.17548076923076922 0.22115384615384615
3 0.07451923076923077 0.6322115384615384 0.14903846153846154 0.25961538461538464
3 0.32572115384615385 0.5769230769230769 0.14182692307692307 0.21875
3 0.7512019230769231 0.4951923076923077 0.16826923076923078 0.25721153846153844
3 0.8689903846153846 0.4795673076923077 0.16826923076923078 0.25961538461538464
3 0.5973557692307693 0.5540865384615384 0.1466346153846154 0.1875