2 0.6850961538461539 0.28966346153846156 0.07692307692307693 0.11298076923076923
2 0.2980769230769231 0.234375 0.07451923076923077 0.11778846153846154
2 0.8942307692307693 0.3425480769230769 0.06009615384615385 0.0889423076923077
2 0.4855769230769231 0.27884615384615385 0.07211538461538461 0.11057692307692307
0 0.7944711538461539 0.3401442307692308 0.052884615384615384 0.07451923076923077
2 0.5709134615384616 0.3161057692307692 0.040865384615384616 0.0673076923076923
3 0.5697115384615384 0.3798076923076923 0.09134615384615384 0.0985576923076923
3 0.8810096153846154 0.43990384615384615 0.14182692307692307 0.15144230769230768
3 0.7788461538461539 0.42788461538461536 0.11298076923076923 0.1346153846153846
3 0.6838942307692307 0.4170673076923077 0.16346153846153846 0.18028846153846154
3 0.2800480769230769 0.3641826923076923 0.1778846153846154 0.19951923076923078
3 0.4831730769230769 0.4026442307692308 0.15144230769230768 0.18990384615384615