2 0.5889423076923077 0.234375 0.08413461538461539 0.11778846153846154
2 0.21033653846153846 0.33413461538461536 0.08173076923076923 0.1201923076923077
2 0.8004807692307693 0.20072115384615385 0.06490384615384616 0.09134615384615384
2 0.40024038461538464 0.3016826923076923 0.07932692307692307 0.11298076923076923
0 0.7079326923076923 0.23798076923076922 0.057692307692307696 0.07692307692307693
2 0.49278846153846156 0.30408653846153844 0.04567307692307692 0.0673076923076923
3 0.5180288461538461 0.36177884615384615 0.09615384615384616 0.10336538461538461
3 0.8269230769230769 0.2956730769230769 0.15144230769230768 0.15865384615384615
3 0.7283653846153846 0.3245192307692308 0.12259615384615384 0.14182692307692307
3 0.6370192307692307 0.35216346153846156 0.17307692307692307 0.18990384615384615
3 0.24519230769230768 0.46033653846153844 0.18990384615384615 0.21153846153846154
3 0.44591346153846156 0.4170673076923077 0.16346153846153846 0.1971153846153846