2 0.6959134615384616 0.29927884615384615 0.08173076923076923 0.11538461538461539
2 0.3125 0.2247596153846154 0.07932692307692307 0.11778846153846154
2 0.9014423076923077 0.3629807692307692 0.0625 0.09134615384615384
2 0.4963942307692308 0.2776442307692308 0.07692307692307693 0.11057692307692307
0 0.8028846153846154 0.3557692307692308 0.057692307692307696 0.07692307692307693
2 0.5805288461538461 0.32091346153846156 0.04567307692307692 0.0673076923076923
3 0.5769230769230769 0.38341346153846156 0.09375 0.10096153846153846
3 0.8834134615384616 0.46033653846153844 0.1466346153846154 0.15625
3 0.7824519230769231 0.4423076923076923 0.1201923076923077 0.13942307692307693
3 0.6875 0.4266826923076923 0.17067307692307693 0.1875
3 0.28846153846153844 0.35336538461538464 0.18509615384615385 0.20673076923076922
3 0.4879807692307692 0.4014423076923077 0.15865384615384615 0.19471153846153846