2 0.6766826923076923 0.2860576923076923 0.06009615384615385 0.09615384615384616
2 0.5552884615384616 0.2932692307692308 0.055288461538461536 0.09134615384615384
2 0.21394230769230768 0.3233173076923077 0.06971153846153846 0.125
2 0.3870192307692308 0.3173076923076923 0.036057692307692304 0.07211538461538461
2 0.328125 0.32091346153846156 0.057692307692307696 0.0889423076923077
2 0.4170673076923077 0.3317307692307692 0.05048076923076923 0.09375
2 0.5012019230769231 0.3485576923076923 0.06009615384615385 0.09615384615384616
2 0.7560096153846154 0.3557692307692308 0.06971153846153846 0.10336538461538461
3 0.5552884615384616 0.4338942307692308 0.13221153846153846 0.21634615384615385
3 0.43509615384615385 0.4483173076923077 0.1201923076923077 0.18269230769230768
3 0.21514423076923078 0.46033653846153844 0.11538461538461539 0.22355769230769232
3 0.3329326923076923 0.4543269230769231 0.125 0.19471153846153846
3 0.6850961538461539 0.44711538461538464 0.12259615384615384 0.2644230769230769
3 0.7704326923076923 0.49399038461538464 0.11298076923076923 0.22355769230769232