2 0.6983173076923077 0.30528846153846156 0.06009615384615385 0.09615384615384616
2 0.5769230769230769 0.3004807692307692 0.055288461538461536 0.09134615384615384
2 0.234375 0.29447115384615385 0.06971153846153846 0.125
2 0.40625 0.30649038461538464 0.036057692307692304 0.07211538461538461
2 0.3473557692307692 0.30408653846153844 0.057692307692307696 0.0889423076923077
2 0.43509615384615385 0.3245192307692308 0.05048076923076923 0.09375
2 0.5180288461538461 0.34975961538461536 0.06009615384615385 0.09615384615384616
2 0.7692307692307693 0.38341346153846156 0.06971153846153846 0.10336538461538461
3 0.5625 0.43990384615384615 0.13221153846153846 0.21634615384615385
3 0.43990384615384615 0.4411057692307692 0.1201923076923077 0.18269230769230768
3 0.22115384615384615 0.43149038461538464 0.11538461538461539 0.22355769230769232
3 0.3389423076923077 0.4375 0.125 0.19471153846153846
3 0.6899038461538461 0.46634615384615385 0.12259615384615384 0.2644230769230769
3 0.7692307692307693 0.5228365384615384 0.11298076923076923 0.22355769230769232