2 0.7043269230769231 0.3125 0.0625 0.0985576923076923
2 0.5841346153846154 0.30288461538461536 0.06009615384615385 0.09375
2 0.24158653846153846 0.2860576923076923 0.07451923076923077 0.12740384615384615
2 0.41346153846153844 0.30288461538461536 0.038461538461538464 0.07451923076923077
2 0.3545673076923077 0.29927884615384615 0.06009615384615385 0.09134615384615384
2 0.4411057692307692 0.32211538461538464 0.055288461538461536 0.09615384615384616
2 0.5228365384615384 0.34975961538461536 0.0625 0.0985576923076923
2 0.7740384615384616 0.39302884615384615 0.07451923076923077 0.10576923076923077
3 0.5637019230769231 0.4411057692307692 0.13701923076923078 0.22115384615384615
3 0.4423076923076923 0.43990384615384615 0.125 0.1875
3 0.22355769230769232 0.421875 0.12259615384615384 0.22596153846153846
3 0.3401442307692308 0.43149038461538464 0.13221153846153846 0.19951923076923078
3 0.6911057692307693 0.4735576923076923 0.12980769230769232 0.2692307692307692
3 0.7692307692307693 0.5324519230769231 0.1201923076923077 0.22596153846153846