0 0.37259615384615385 0.3641826923076923 0.125 0.20432692307692307
0 0.46875 0.4182692307692308 0.11778846153846154 0.1778846153846154
0 0.7439903846153846 0.47115384615384615 0.14423076923076922 0.23317307692307693
0 0.16105769230769232 0.36658653846153844 0.17307692307692307 0.23798076923076922
0 0.5841346153846154 0.47836538461538464 0.125 0.18990384615384615
2 0.8942307692307693 0.5396634615384616 0.1778846153846154 0.2403846153846154
3 0.43509615384615385 0.6117788461538461 0.17067307692307693 0.2860576923076923
3 0.5372596153846154 0.6814903846153846 0.22115384615384615 0.3629807692307692
3 0.3088942307692308 0.6382211538461539 0.25240384615384615 0.40384615384615385
3 0.6826923076923077 0.7247596153846154 0.2956730769230769 0.40625
3 0.8449519230769231 0.7920673076923077 0.2764423076923077 0.4110576923076923
3 0.12740384615384615 0.6754807692307693 0.2548076923076923 0.5336538461538461