0 0.33653846153846156 0.4098557692307692 0.11298076923076923 0.19951923076923078
0 0.44471153846153844 0.43149038461538464 0.10817307692307693 0.17307692307692307
0 0.7235576923076923 0.39783653846153844 0.12980769230769232 0.2283653846153846
0 0.13701923076923078 0.47836538461538464 0.15865384615384615 0.23317307692307693
0 0.5733173076923077 0.453125 0.11298076923076923 0.1875
2 0.8870192307692307 0.41586538461538464 0.16346153846153846 0.23317307692307693
3 0.4735576923076923 0.6274038461538461 0.15384615384615385 0.27884615384615385
3 0.5913461538461539 0.6610576923076923 0.19951923076923078 0.3557692307692308
3 0.3605769230769231 0.6899038461538461 0.2283653846153846 0.3942307692307692
3 0.7439903846153846 0.6574519230769231 0.27163461538461536 0.3942307692307692
3 0.8990384615384616 0.6923076923076923 0.1971153846153846 0.44711538461538464
3 0.15985576923076922 0.765625 0.31009615384615385 0.4639423076923077