0 0.36538461538461536 0.3701923076923077 0.11538461538461539 0.19951923076923078
0 0.4639423076923077 0.41947115384615385 0.11057692307692307 0.17548076923076922
0 0.7427884615384616 0.45913461538461536 0.1346153846153846 0.2283653846153846
0 0.15504807692307693 0.38461538461538464 0.16346153846153846 0.23317307692307693
0 0.5829326923076923 0.4735576923076923 0.11538461538461539 0.1875
2 0.8954326923076923 0.5192307692307693 0.16826923076923078 0.23557692307692307
3 0.4411057692307692 0.6153846153846154 0.15865384615384615 0.28125
3 0.546875 0.6790865384615384 0.20432692307692307 0.3581730769230769
3 0.3161057692307692 0.6478365384615384 0.23557692307692307 0.39663461538461536
3 0.6947115384615384 0.7151442307692307 0.27884615384615385 0.39663461538461536
3 0.8617788461538461 0.7848557692307693 0.25721153846153844 0.4254807692307692
3 0.12740384615384615 0.6971153846153846 0.2548076923076923 0.5240384615384616